0.939048
0.175238
0.819048
0.076190
0.357143
0.629524
0.135238
0.007619
0.974286
0.091429
0.040952
0.823308
0.809774
0.635338
0.042105
0.793233
0.316541
0.027820
0.000000
1.000000
0.169925
0.830075
0.000000
0.829457
0.610526
1.000000
0.000000
0.030075
0.194737
0.196241
0.033835
0.117213
0.106015
0.705263
0.145113
0.312782
0.000000
0.354887
0.947368
0.979699
0.189474
0.018045
0.114286
0.441353
0.680451
0.000000
0.000000
0.269173
0.001504
0.176692
0.107519
0.561719
0.000000
0.718045
0.435338
0.491729
0.000000
0.033083
0.187218
0.314286
0.005263
0.039850
0.859398
0.764228
0.075940
0.427820
0.041176
0.363910
0.163158
0.011278
0.376692
0.054135
0.036842
0.026316
0.076692
0.009774
0.006015
0.155639
0.000000
0.000000
0.654887
0.023308
0.404040
0.134586
0.004511
0.009023
0.040602
0.322556
0.213534
0.320301
1.000000
0.466917
0.996241
0.454839
0.122556
0.327068
0.384211
0.358647
0.000000
0.142105
0.001504
1.000000
1.000000
0.871930
0.952632
0.181955
0.218045
0.183459
0.855856
0.863158
0.519549
0.459398
0.073684
0.033083
0.069925
0.257895
0.550376
0.185714
0.922556
0.138346
0.987218
0.884211
1.000000
1.000000
0.968421
0.624060
0.772414
0.803759
0.936090
0.933083
0.998496
0.303759
0.839098
0.544361
0.404511
0.451128
0.987218
0.918797
0.938346
0.960902
0.199248
0.444361
0.008271
0.071429
0.921053
0.737594
0.881955
0.949624
0.414286
1.000000
0.000000
0.602000
0.983333
0.449624
0.736090
0.021053
0.416541
0.993233
0.993233
0.000000
0.831579
0.878195
0.947368
0.541353
0.000000
0.154135
0.781955
0.941353
0.302256
0.671429
0.451128
0.957143
0.004511
0.481955
0.934586
0.945113
0.246617
0.986466
0.265323
0.000000
1.000000
1.000000
1.000000
0.740602
0.998496
0.439850
0.955639
0.443609
0.616541
0.058647
0.360150
0.000752
0.003008
0.196241
0.881356
0.139850
0.770677
0.658647
0.987218
0.149624
